0.033794 108
1.745860 1
0.359872 1
0.175999 1
0.131545 5
0.476449 1
0.143990 1
0.264010 1
0.135107 2
2.595767 53
0.033644 43
1.548828 1
0.111753 1
0.586803 2
0.019180 10
1.682908 2
0.046821 58
3.280447 1
0.096287 1
0.223853 1
0.088199 1
0.160885 2
0.455576 2
0.010262 1233
2.821028 1
0.168032 1
0.218200 1
0.429711 1
0.225317 1
0.430580 1
0.377258 5
0.918974 1
0.119989 1
0.151497 1
0.883317 5
0.237497 1
0.826135 1
0.044884 1
0.119425 4
0.145283 4
1.009080 2
1.054959 1
1.336742 2
0.695066 102
1.312248 1
0.128660 1
0.983376 1
0.607772 1
0.168057 1
0.223948 1
0.202166 3
1.901871 1
0.176017 1
0.335995 1
0.647963 1
0.175978 1
0.128189 1
0.263985 1
0.639826 1
1.056033 1
0.168118 1
1.007812 5
0.034026 1
0.101421 80
1.528511 1
1.409087 2
0.140144 96
5.346877 1
0.840120 1
0.210541 1
0.653328 1
0.696010 1
0.263951 1
0.097366 4
1.334750 1
0.262117 1
0.617763 1
0.239943 1
0.288127 1
3.719992 1
0.255906 1
0.303917 1
0.144087 1
1.782873 1
0.105266 1
0.352026 1
1.575855 1
0.160082 1
0.207993 1
0.144077 1
2.103956 1
0.183986 1
0.311993 1
0.560037 1
0.159875 1
0.144126 1
0.144834 2
0.120520 83
1.382605 1
0.240006 2
0.000683 47
0.023205 36
0.004229 50
4.355925 1
0.112120 1
0.575835 4
0.160134 4
0.151888 1
1.039839 1
0.248623 2
0.431439 4
0.427397 1
0.892682 1
0.232110 1
0.105546 1
0.470374 1
0.337427 1
0.333731 120
0.234278 120
1.630478 1
0.278252 1
0.115142 4
2.054801 1
1.053974 1
0.353800 1
0.512458 2
1.847909 1
0.495791 4
0.119942 1
0.616008 1
0.647935 1
0.207222 1
0.469574 59
0.411374 1
0.175032 3
1.991918 7
1.250039 2
0.004853 78
0.093298 500
0.837858 50
7.247014 1
0.207809 1
0.248185 1
0.183786 1
0.136019 1
0.138006 1
0.262103 1
0.327985 1
0.863993 1
0.351951 1
0.151175 2
0.424783 1
0.183840 1
0.318664 298
0.223873 298
0.281640 1
0.679259 1
0.311965 76
0.592751 1
0.198477 1
0.334732 54
0.890809 1
0.151189 3
0.395576 7
1.341348 1
0.599827 1
0.151873 1
0.399643 2
1.096701 4
3.448911 2
0.329923 50
6.203563 1
0.137577 1
0.168070 1
0.576627 2
0.005050 50
1.602292 1
0.175859 1
0.064017 1
0.072269 1
0.264340 34
0.471364 1
0.128309 1
0.128337 2
0.004703 437
7.689586 1
0.105257 1
0.218164 1
0.403745 1
0.193865 1
0.129419 1
0.430641 4
0.255836 1
0.113258 2
0.471590 2
0.065557 1090
11.741872 1
0.143866 1
0.144080 1
0.177987 1
0.406127 4
0.159836 1
0.175273 2
0.616824 1
0.215899 1
0.116528 3
0.699614 1
0.215732 1
0.111083 4
0.586086 2
0.007211 1402
0.680304 4
0.499880 4
0.050168 4
0.049721 4
0.051021 4
0.050373 4
0.049843 5
0.050220 5
0.050031 5
0.049733 5
0.050058 5
0.050211 5
0.049708 5
0.798210 97
0.782586 1
0.664089 1
0.840109 1
0.159814 1
0.088029 1
0.431923 1
0.104297 1
0.655752 3
1.055935 1
0.149951 1
0.263996 1
0.794129 3
0.735928 1
0.216106 1
0.199902 1
0.160142 1
1.647613 1
0.320151 3
0.024208 1
0.231893 3
0.375917 1
0.143932 1
0.175975 1
0.456204 3
0.248063 1
0.680181 3
0.055495 1
0.088277 1
0.791970 1
0.199973 1
0.112263 1
0.239826 1
0.112195 1
0.767848 1
0.143961 1
0.288059 3
0.167857 1
0.104208 1
3.496107 332
0.736076 323
0.186043 168
5.973354 1
0.568008 1
0.751862 1
0.170133 7
0.422922 2
0.023677 1816
0.000916 616
0.001718 619
2.172754 1
0.128310 1
0.623699 4
0.142333 4
0.289632 1
0.167930 1
0.096422 1
0.095884 1
0.159738 1
0.097578 2
0.006272 836
13.432191 1
0.120018 1
0.255609 1
0.328326 1
0.185453 1
0.430637 4
0.863958 4
0.250032 1
0.301906 1
0.240033 1
0.249333 1
0.886703 1
0.145183 4
0.268334 1
0.618481 1
0.288219 1
0.191217 1
0.992704 4
0.159775 4
0.168246 4
4.223896 1
2.359970 1
1.151867 1
0.528089 4
0.271938 1
0.317271 1
0.350078 46
0.908541 1
0.197482 3
0.458638 1
0.175981 1
0.152038 1
0.647976 1
0.246243 4
0.745887 1
0.216756 2
0.036333 52
0.010626 47
0.002189 32
2.741939 1
0.112012 1
0.376055 1
0.327979 1
0.353496 2
0.511379 2
0.009805 1277
6.477389 1
0.232077 1
0.375944 1
0.216024 1
0.183286 1
0.170412 4
1.942342 1
0.439852 1
0.296119 1
1.024001 1
0.302280 1
1.081651 1
0.168054 1
0.536103 4
0.159903 1
0.271967 1
0.999891 1
2.855975 1
0.336119 1
0.256092 1
0.751638 1
0.224272 1
0.135917 1
0.245808 1
0.494185 4
0.092279 1
0.205660 1
0.290122 1
0.173039 1
0.448010 1
0.947027 1
0.367961 1
1.143385 1
0.056618 1
0.208019 1
0.142429 1
0.161688 1
6.463739 1
0.192304 2
0.528174 4
0.175704 4
0.047971 1
0.887983 1
1.647898 1
0.152197 1
0.151797 1
0.110687 1
0.113407 1
0.191950 1
0.232047 1
0.784186 1
0.319066 4
0.224926 1
0.591898 4
0.112010 1
0.568419 2
0.039069 43
0.004671 32
4.427716 1
0.104270 1
0.215742 1
0.232024 1
0.151926 1
0.257519 1
0.238469 4
0.161428 5
3.366699 1
0.239131 1
0.184815 1
0.431945 1
0.632078 1
0.231881 1
4.855878 1
0.240335 1
0.151930 1
1.752035 1
0.199651 1
0.720290 1
0.383964 1
0.128100 1
0.079919 1
0.223996 1
0.112036 1
0.111893 1
0.192153 4
0.151939 4
0.128040 4
0.119986 4
0.104108 1
0.199758 1
0.176193 1
0.264088 1
6.743774 1
0.263998 1
0.679956 1
0.624207 1
0.159844 1
0.112085 1
0.112223 1
2.255492 1
0.152281 1
0.159854 1
0.325842 5
0.858260 1
1.880920 2
0.033139 38
0.005790 32
2.304093 1
0.224141 1
0.327898 1
0.136090 1
0.207923 1
0.161652 5
2.662320 1
0.152049 1
0.192031 1
0.167981 1
0.615915 1
0.160046 1
0.216013 4
0.152133 4
0.071824 1
0.136000 1
0.072054 1
1.415918 1
0.368073 1
0.264016 1
0.080224 1
0.127732 1
0.552068 1
2.711728 1
0.256256 1
0.168013 1
0.160011 1
0.151958 1
1.504007 1
0.159581 1
0.192482 1
1.296050 1
0.151846 1
0.544020 1
0.376104 1
0.159971 1
0.351844 1
0.183977 1
0.423890 1
0.096144 1
0.422435 1
0.137700 1
0.167872 1
3.256104 1
0.184091 1
0.662242 1
0.289686 1
0.176042 1
0.122813 1
0.965046 1
1.344105 1
1.976034 1
0.207855 1
1.472099 1
0.263858 1
0.128047 1
0.191605 1
0.576462 4
0.071943 1
0.111977 1
0.168026 1
0.471924 1
0.624018 1
0.112019 1
0.200020 1
0.184064 1
0.192147 1
2.216032 1
0.183842 1
0.360106 1
0.814089 1
0.921724 1
0.136318 1
0.719783 1
0.367861 4
0.656060 1
1.431262 1
0.192735 1
0.383965 1
0.528062 4
0.207729 1
0.216251 1
0.207953 1
0.736108 1
0.152166 1
0.175846 1
4.265228 2
0.106104 272
1.227653 1
0.132558 2
0.051412 69
0.002499 32
2.190548 1
0.448062 1
0.319509 1
0.136426 1
0.247992 1
0.129390 5
2.830519 1
0.144041 1
0.167989 1
0.903894 1
0.992220 1
0.136025 1
0.880075 1
0.135862 1
0.480004 1
0.127999 1
0.136066 1
0.271926 1
0.160104 1
1.143802 1
0.136062 1
0.776140 1
0.511982 1
0.183947 1
0.175902 1
0.240044 1
0.240057 4
0.144007 4
0.119774 1
0.136219 1
0.480060 1
0.191805 1
0.152200 1
0.168013 1
0.480110 1
2.175603 1
0.168173 1
0.287915 1
0.879924 1
0.415967 1
0.151975 1
1.798327 1
3.673987 1
0.263728 1
0.392084 1
0.248240 1
0.128100 1
0.447526 1
0.088468 1
0.351680 1
0.136261 1
1.055486 1
1.520200 1
1.184170 1
0.240035 1
0.159948 1
0.120073 1
0.159966 1
0.575858 4
0.232160 1
1.848055 1
0.104007 1
0.647912 1
0.319958 1
0.184039 1
0.087952 1
3.056943 2
0.014785 73
4.872006 1
0.216158 2
0.378541 47
0.008601 32
18.596823 1
0.936027 1
0.367911 1
0.216011 1
0.184085 1
0.105336 5
0.757899 2
0.013277 657
0.001112 647
0.002035 682
66.112503 1
5.512014 1
0.167965 1
0.072263 1
0.095933 1
0.183891 1
0.280710 2
0.004494 836
10.730704 1
0.135918 1
0.223819 1
0.008144 1
0.446450 4
0.177558 1
0.153626 2
1.958652 1
2.367931 1
0.183866 1
0.111017 2
1.016978 1
0.255977 1
0.208058 1
0.183858 1
2.944151 1
0.287855 1
1.904144 1
0.328007 1
2.016256 1
0.215958 2
0.479747 4
0.191830 4
0.080239 1
0.839886 1
0.937476 2
0.003703 32
0.954777 1
0.079995 1
0.119972 1
0.080446 1
0.599764 1
0.176077 1
0.086877 2
0.329685 2
0.004759 266
8.346602 1
0.128007 1
0.279974 1
0.496140 1
0.455856 1
0.088029 1
0.489423 3
1.390484 1
0.496088 1
0.280040 1
0.303828 1
0.128090 1
0.143998 1
0.271986 1
6.776102 1
0.288016 1
0.343790 1
0.584138 1
0.136067 1
0.079828 1
0.287996 1
0.512075 1
4.207988 1
0.184022 1
0.480014 1
0.320148 1
1.031881 1
0.135887 1
0.120165 1
0.247885 1
2.688000 1
0.463841 1
0.624290 4
0.207914 1
2.064040 1
0.480046 1
0.167893 1
0.231556 1
0.712020 1
0.384403 1
0.207386 1
0.952976 1
0.383620 1
0.208240 1
4.415952 1
0.799762 1
0.184153 1
0.144089 1
0.383301 1
0.296864 1
0.879724 1
0.799983 1
0.176397 1
0.399639 1
2.192218 1
0.175738 1
0.128204 1
1.976729 2
0.398508 39
0.095385 32
2.504986 1
0.160058 1
0.280203 1
0.159569 1
0.169932 2
0.480614 2
0.012033 2055
10.705775 1
0.151022 1
0.121183 1
0.127636 1
0.551906 1
0.174685 1
0.165849 2
0.332459 2
0.004468 266
1.754735 1
0.136158 1
0.119881 1
0.128006 1
0.598130 1
0.177977 1
0.463976 1
0.502087 4
0.344856 1
1.312595 1
0.664531 1
0.279971 4
0.063840 1
0.180637 3
1.027104 5
1.392963 1
0.271831 1
1.287348 1
0.176187 1
4.039996 1
0.359873 1
1.720145 1
0.665321 2
0.003977 32
1.354801 22
0.143885 56
0.432732 2
0.004203 40
4.090869 1
0.200068 1
0.368287 1
0.169477 4
0.470340 1
0.351982 1
0.952047 1
0.160041 1
0.133565 2
0.368963 2
3.503657 32
6.945322 1
1.392347 1
0.983832 1
0.096335 1
0.217412 6
1.350272 1
0.136085 1
0.216196 1
0.119916 1
0.191922 1
0.759965 1
0.248142 1
0.151974 1
0.310614 1
1.713362 1
0.176037 1
0.207936 1
0.728130 1
1.040005 4
0.207905 1
1.056041 1
0.159888 1
0.256100 1
0.559964 1
0.159960 1
0.143053 2
2.896355 1
0.206353 70
1.506364 1
0.191952 1
0.111328 8
1.985451 2
0.326253 47
0.661189 33
13.852807 33
28.699243 32
3.203626 1
0.408170 4
0.200019 1
0.223901 1
0.171410 1
0.836593 1
0.113329 1
0.918799 4
0.121609 1
0.710324 1
0.105579 3
0.446476 1
0.823861 1
0.264010 1
0.160061 1
0.135642 2
0.329185 2
0.051857 32
1.363356 1
0.136213 1
0.191759 1
0.344152 1
0.119694 1
0.632203 4
0.159950 4
0.143878 4
0.152180 4
0.311952 4
0.128114 1
0.119838 1
0.079970 1
0.104213 1
0.677990 1
0.625572 1
0.191352 2
0.313639 2
0.006025 266
8.337352 1
0.248070 1
0.159823 1
0.200004 1
0.471133 43
1.847648 1
0.097209 1
0.264099 1
0.191920 1
0.167868 1
0.072238 1
0.201315 2
0.860051 214
0.009437 10
2.049948 2
0.023316 45
0.849558 83
0.001088 108
3.035799 11
4.576017 2
34.160060 53
0.045274 18
0.000230 25
4.173410 1
0.086523 1
0.635156 2
0.020729 10
1.590195 2
0.063676 58
1.354256 1
0.104067 1
0.303843 1
0.545850 3
0.446958 2
0.012846 1595
1.674282 1
0.160046 1
0.103996 1
1.271893 1
0.752336 1
0.136558 2
0.013400 783
3.857709 1
0.392325 1
0.119930 1
0.191902 1
0.221203 26
0.015016 17
0.715696 1
0.184083 1
0.039685 1
0.160234 1
0.162553 10
0.000337 34
0.002416 108
0.865406 6
