0.029977 112
1.933345 1
0.455979 1
0.151909 1
0.172216 5
0.731832 1
0.152088 1
0.160048 1
0.895766 2
2.298306 53
0.033772 28
0.000381 35
3.868900 1
0.151668 1
0.104314 1
0.151792 1
0.192392 1
0.223883 1
0.439768 1
0.160164 1
0.160172 1
0.400008 1
0.215962 1
0.239587 1
0.624607 1
0.175939 1
0.160029 1
0.048173 1
0.280658 2
0.014948 66
0.001729 26
5.535619 111
0.000087 56
3.000095 2
0.012819 93
0.001589 28
0.000076 27
4.120465 1
0.472211 1
0.648568 2
0.015772 14
1.479287 2
0.029343 40
0.000200 38
1.714647 1
0.087709 1
0.304152 1
0.368039 1
0.561067 2
0.389938 2
0.008268 53
0.000385 290
0.000247 40
0.000121 30
10.967924 7
0.000016 4
0.000076 5
0.000117 2
0.000199 10
0.000012 3
0.000126 5
0.000072 4
1.464285 2
0.009825 122
6.182604 15
0.000395 1
0.000282 1
0.000394 2
0.000174 1
0.000030 1
0.000452 1
0.000139 2
0.000333 1
0.000180 2
0.000350 1
0.000197 3
0.000427 1
0.000205 3
0.000139 1
0.000732 1
0.000253 2
0.626725 2
0.006488 109
0.001020 197
0.000041 835
0.078865 78
0.002031 65
0.056099 260
0.004249 40
0.000490 30
8.451333 5
0.000117 10
0.000216 1
0.000592 2
0.000304 2
0.000144 5
0.001077 3
0.000206 7
0.000820 3
0.000258 5
0.000435 1
0.000714 6
0.000010 2
0.000146 1
0.000137 3
0.000064 2
0.000017 1
0.000155 4
0.000125 2
0.000158 1
0.000055 3
0.000149 1
0.000040 3
0.000138 1
0.000015 1
0.000084 1
0.000020 1
0.000132 1
0.000049 3
0.000099 1
0.000055 1
0.000043 1
0.648254 2
0.095587 32
0.126796 70
6.490967 14
0.000461 1
0.000434 1
0.000157 4
0.000649 2
0.000191 6
0.000273 2
0.000439 1
0.000168 6
0.000599 3
0.000204 5
0.000199 1
0.000673 3
0.000172 2
0.000256 3
0.000783 3
0.000228 2
0.000201 3
0.000513 2
0.000298 4
0.000557 2
0.000287 4
0.000671 2
0.000141 3
0.000274 1
0.000351 1
0.000385 1
0.000317 1
0.000683 1
1.148141 2
0.097398 32
0.102035 40
0.000145 30
1.344412 1
0.096140 1
0.207797 1
0.168208 1
0.111861 1
0.263698 1
0.312265 4
0.151582 4
0.120273 1
0.614449 4
0.097613 1
0.463723 1
0.168191 4
0.758107 1
0.097771 1
0.096582 5
0.326825 2
0.001376 188
0.000732 70
6.095764 17
0.647613 2
0.027336 623
0.321924 40
0.000325 30
5.674394 5
0.000096 3
0.000264 5
0.000311 6
0.000319 1
0.526454 2
0.121284 70
5.192278 33
1.023055 2
0.004129 31
0.007489 47
0.000523 154
0.000620 156
0.001733 46
0.020499 70
0.000185 38
0.002205 46
0.015481 70
0.000053 36
0.000830 150
0.001153 173
0.000998 46
0.481730 113
0.001638 46
0.117749 111
0.000883 46
0.140527 110
0.001590 155
0.002645 168
0.001563 46
0.029739 108
0.001772 46
0.029927 71
0.000224 35
0.002823 46
0.035607 131
0.000060 46
0.000102 79
0.000177 16
0.000064 2
0.000105 133
0.000203 132
0.000233 131
0.000091 25
0.002041 46
0.009727 111
0.000567 285
0.000799 140
0.000086 428
0.000107 292
0.000268 140
0.000517 286
0.000043 145
0.000431 143
0.000331 149
0.000334 289
0.001724 282
0.000256 705
0.000098 284
0.000591 287
0.000503 142
0.000366 298
0.000574 285
0.000294 432
0.000411 569
0.000457 143
0.000034 143
0.000272 147
1.167578 1007
0.000263 142
0.000810 145
0.000303 117
0.000095 24
0.000170 117
0.000060 26
0.001012 281
0.000312 428
0.000238 141
0.000909 848
0.000234 117
0.000136 26
0.000135 152
0.001416 299
0.001091 442
0.000301 875
0.000083 298
0.000451 146
0.000707 147
0.000324 297
0.000523 446
0.000764 150
0.000813 580
0.000350 596
0.000562 287
0.000053 431
0.000770 285
0.000282 286
0.000402 145
0.000336 291
0.000872 287
0.000170 578
0.000313 141
0.000402 158
0.000317 147
0.001036 143
0.000271 145
0.000306 145
0.000245 146
0.000265 140
0.000222 144
0.001129 713
0.000384 144
0.000432 146
0.000490 143
0.000473 146
0.000475 146
0.000457 149
0.000523 146
0.000415 145
0.000754 431
0.001101 870
0.000131 144
0.000152 144
0.000144 118
0.000082 25
0.000189 118
0.000087 23
0.000776 588
0.000060 2
0.000193 118
0.000104 23
0.000652 286
0.000143 144
0.000552 142
0.000120 46
0.000050 100
0.000263 143
0.000902 429
0.000416 296
0.000261 294
0.000570 293
0.000287 441
0.000220 294
0.000242 145
0.000156 146
0.000273 46
0.000337 100
0.000213 299
0.000251 142
0.000357 144
0.000338 290
0.000197 288
0.001375 1155
0.000286 146
0.000436 288
0.000105 288
0.001456 436
0.000484 736
0.000300 430
0.000418 291
0.000847 291
0.000579 726
0.000349 430
0.000075 286
0.000493 295
0.000976 427
0.000019 141
0.000264 139
0.000247 141
0.000218 141
0.000175 117
0.000104 29
0.000161 117
0.000084 23
0.000190 117
0.000101 24
0.000131 46
0.000075 98
0.000194 117
0.000118 24
0.000180 141
0.000181 117
0.000091 23
0.001704 903
0.000101 144
0.000154 46
0.000008 94
0.000302 117
0.000077 26
0.000168 140
0.000185 117
0.000085 28
0.000168 117
0.000094 25
0.000167 117
0.000086 25
0.001168 883
0.000106 155
0.000153 117
0.000109 23
0.000164 140
0.000445 145
0.000065 150
0.000182 141
0.000187 117
0.000094 23
0.390624 117
0.000071 28
0.000596 46
0.000036 98
0.000928 153
0.391413 183
0.001962 91
0.002127 137
0.002211 144
0.001325 46
0.001175 94
0.000811 46
0.001698 98
0.001227 46
0.001460 100
0.001049 46
0.001762 71
0.000412 26
0.004086 46
0.001155 98
0.001632 46
0.001275 100
0.002417 46
0.001339 96
0.002831 137
0.000921 137
0.002365 46
0.000968 91
0.003501 183
0.000449 71
0.000041 20
0.000722 46
0.000920 91
0.000852 137
0.000781 137
0.000574 46
0.000825 71
0.000249 20
0.000387 117
0.000049 20
0.000370 117
0.000098 20
0.000681 46
0.211858 137
0.001917 137
0.001860 139
0.001361 136
0.002517 136
0.002103 136
0.001363 272
0.004823 46
0.000039 90
0.002495 139
0.001100 139
0.000422 116
0.003474 117
0.001533 70
4.782253 36
1.550337 2
0.100464 70
5.996172 6
0.000113 4
0.000142 6
0.000815 4
0.000209 5
0.000178 2
0.589653 2
0.003492 28
0.000917 70
3.419305 1
0.104139 1
0.141266 1
0.137777 1
0.126335 1
0.618043 1
0.102299 1
0.121946 3
0.821757 1
0.071899 1
0.186518 5
0.344255 2
0.002176 196
0.000630 40
0.000418 30
4.028475 1
0.071104 1
0.288931 1
0.096204 1
0.288789 2
0.390516 2
0.012822 597
0.000872 70
7.745924 3
0.000044 3
0.000284 4
0.000081 7
2.121093 2
0.211221 52
0.013987 70
3.054086 1
0.159864 1
0.446619 1
0.202577 7
0.503966 2
0.731503 94
0.000559 287
0.000572 388
0.021229 40
0.000078 30
5.020618 1
0.135953 1
0.217907 1
0.534046 1
0.145145 7
0.470065 2
0.008789 643
0.024232 70
6.665775 24
2.639148 2
0.185981 47
0.016197 40
0.000122 30
6.094508 25
0.815257 2
0.417357 27
15.002322 28
15.002283 28
15.000653 28
15.002648 28
15.017562 29
15.014342 70
3.471861 25
1.335092 2
0.403615 50
0.014016 70
6.318465 14
0.000331 3
0.000354 1
0.000207 1
0.000724 1
0.000032 5
0.000304 1
0.000048 1
1.644982 2
0.003546 28
0.001068 70
2.251101 1
0.303873 1
0.712302 1
0.143397 1
0.200259 1
0.231942 1
0.392064 4
0.176289 4
0.112571 1
1.366963 1
0.280635 4
0.999381 1
0.103856 1
0.089175 5
0.352283 2
0.001715 301
0.001472 40
0.000281 30
3.539958 17
1.343858 2
0.002737 301
0.001369 70
11.171255 17
0.257251 2
0.002044 302
0.001049 70
5.059597 17
2.913185 2
0.002482 302
0.001110 40
0.000032 30
14.212308 17
0.256147 2
0.001953 302
0.001491 40
0.000080 30
5.788124 17
0.672622 2
0.002217 302
0.000940 70
3.163836 17
4.182664 2
0.000850 302
0.000332 70
17.672336 17
0.288432 2
0.002164 302
0.001168 70
16.308018 17
0.664879 2
0.002146 204
0.000615 40
0.000164 30
5.933849 5
0.000110 4
0.000072 5
0.000490 5
0.000110 4
0.000276 5
0.000355 4
0.000515 8
0.804538 2
0.010749 40
0.000643 30
1.012946 1
0.096033 1
0.239812 1
0.135895 1
0.208147 1
0.695865 1
0.649184 3
0.742741 1
0.375929 1
0.104372 9
0.384504 2
0.002234 142
0.000933 70
9.080426 65
1.292398 2
0.028252 63
0.003043 1359
9.656581 4
0.499560 4
0.050271 4
0.050329 4
0.050250 4
0.050431 4
0.050331 5
0.050141 5
0.206084 5
0.167789 5
0.184215 5
5.544111 3
4.984114 3
2.696184 125
0.895718 5
0.615836 1
0.298530 28
0.341294 3
1.056152 1
1.031970 1
0.279938 1
0.568026 3
0.872057 1
0.199995 1
1.031942 1
10.985283 53
7.774944 7
0.500162 3
0.049533 3
0.050206 3
0.050556 3
0.050216 3
0.050793 3
0.050419 3
0.050590 7
0.050856 3
0.049607 3
0.049946 3
0.050761 3
0.051186 3
0.050883 3
0.049992 3
0.050692 7
0.049603 3
0.049718 3
0.050297 3
0.050771 3
0.050749 3
0.050028 3
0.050606 3
0.049588 7
0.050833 3
0.050164 3
0.050259 3
0.050319 3
0.276506 3
0.207976 3
0.224273 3
0.215925 5
0.183774 3
0.208395 3
0.191672 3
0.183877 3
0.192285 3
0.215892 3
0.231940 3
0.240092 4
0.451014 31
1.149153 1
0.500036 1
0.050458 1
0.050885 1
0.050205 1
0.049772 3
0.050179 1
0.050509 1
0.049813 1
0.049420 1
0.050747 1
0.049638 1
0.050285 1
0.049556 3
0.050317 1
0.049511 1
0.050219 1
0.050695 1
0.050737 1
0.049919 1
0.050031 1
0.050295 3
0.050564 1
0.049682 1
0.050933 1
0.050758 1
0.050978 1
0.049872 1
0.050316 1
0.051053 3
0.051102 1
0.050783 1
0.051175 1
0.050116 1
0.050344 1
0.051513 1
0.051028 1
0.051141 3
0.050751 1
0.050483 1
0.050192 1
0.049681 1
0.049940 1
0.050176 1
0.049731 1
0.050131 3
0.050190 1
0.049941 1
0.049919 1
0.049960 1
0.049949 1
0.050185 1
0.050312 1
0.485542 1
3.232259 5
0.500546 7
0.050149 5
0.050772 5
0.051154 5
0.051165 5
0.050053 5
0.049913 5
0.048928 8
0.051398 7
0.050018 5
0.049785 5
0.049887 5
0.050179 5
0.050160 5
0.049922 5
0.050556 5
0.050883 7
0.050989 5
0.050388 5
0.050096 5
0.050332 5
0.049649 5
0.050099 5
0.049707 5
0.050040 7
0.050202 5
0.050283 5
0.050106 5
0.198465 5
0.207980 5
0.192014 5
0.216092 5
0.167965 6
0.232000 5
0.552200 5
1.672811 93
0.919046 1
0.499737 3
0.050093 1
0.050720 1
0.050206 1
0.049688 1
0.051210 1
0.050131 1
0.049932 1
0.050170 3
0.050879 1
0.050726 1
0.050573 1
0.049887 1
0.049757 1
0.051007 1
0.050760 1
0.050403 3
0.050233 1
0.049792 1
0.050790 1
0.050021 1
0.050675 1
0.050472 1
0.050221 1
0.049854 3
0.048435 1
0.051498 1
0.049914 1
0.050133 1
0.049897 1
0.050244 1
0.050634 1
0.050082 2
0.050706 1
0.050200 1
0.050784 1
0.323532 1
0.167992 1
0.183947 1
0.415876 1
1.112325 5
0.767922 5
0.232084 5
2.095874 94
1.272054 3
0.376028 3
0.224006 3
1.782347 5
0.889679 5
0.271950 5
0.351899 6
1.472654 382
1.287813 410
1.134356 220
2.089557 1
0.087791 1
0.255958 1
0.167997 1
0.216026 1
0.583950 1
0.144158 3
1.607765 1
0.679943 1
0.136088 4
0.368425 2
0.002209 570
0.000657 40
0.000169 30
9.356698 1
0.111918 1
0.168192 1
0.112148 1
0.751680 1
0.166353 1
0.217510 3
1.287801 4
0.498644 4
0.051448 4
0.050632 4
0.050608 4
0.050443 4
0.050990 4
0.051105 4
0.051275 4
0.050750 1
0.050649 1
0.049850 1
0.050764 1
0.050165 1
0.692726 1
0.287822 1
0.776071 1
0.177085 1
0.790969 4
0.654421 1
0.210576 1
0.383936 55
1.102958 1
0.183917 1
0.158803 1
0.225284 1
0.111938 1
0.465055 2
0.002218 114
0.000967 40
0.000309 30
2.124023 1
0.175971 1
0.152112 1
0.103969 1
0.632072 1
0.191659 1
0.152043 3
0.823840 1
0.215917 1
0.216020 1
0.200277 8
1.063520 1
0.192471 29
2.199665 1
0.255963 1
0.192060 1
0.136288 3
1.015664 1
0.224004 1
0.264030 1
0.214677 8
0.801312 1
0.168430 29
0.911862 4
0.319654 1
0.664037 1
0.239964 1
0.279882 1
0.665000 2
0.057356 94
5.045763 1
0.576459 2
0.001680 4
0.001206 147
0.000776 40
0.000215 30
7.083788 1
0.128384 1
0.232056 1
0.136068 1
0.151944 1
0.199844 1
0.144186 3
0.655860 1
0.207955 1
1.008162 4
0.499332 4
0.050559 4
0.050540 4
0.050262 4
0.050205 4
0.050218 4
0.049773 4
0.049696 4
0.049992 4
0.050787 4
0.050536 1
0.050078 1
0.049510 1
0.050943 1
0.050282 1
0.049858 1
0.163055 1
0.088011 1
0.120021 1
0.159858 1
0.551974 1
0.223894 1
0.144308 3
0.232927 2
0.004180 767
0.000402 70
8.218404 1
0.183803 1
0.184214 1
0.351744 1
0.616189 1
0.208023 1
0.144256 3
1.175857 1
0.255961 1
0.231964 1
0.208040 8
0.919679 1
0.152216 29
1.615913 1
0.255893 1
0.176123 1
0.176464 3
1.063729 1
0.239763 1
0.231929 1
0.199513 8
0.983319 1
0.161796 29
0.655700 4
0.247985 1
0.000714 1
0.525757 4
0.585437 1
0.391991 1
0.167834 1
0.328935 2
0.004124 70
1.619140 98
0.183981 103
0.608192 2
0.005171 767
0.001082 40
0.000385 30
9.379082 7
0.000039 8
0.000432 1
0.000612 3
0.000040 4
0.000168 1
0.000663 2
0.000180 5
0.000243 1
0.000337 1
0.000177 2
0.000175 2
0.000260 1
0.000336 1
0.000201 1
0.000194 1
0.000363 1
0.000021 2
0.000015 4
0.000062 1
0.000058 1
1.794090 2
34.320105 40
0.000029 30
1.327470 1
0.111891 1
0.119948 1
0.576730 2
0.655282 1
0.199803 1
0.104049 3
0.839983 1
0.167990 1
0.104302 1
0.967893 1
0.192137 5
2.199669 1
0.552342 4
0.512476 2
0.004154 42
0.000242 21
0.001553 1162
1.330075 4
0.500634 4
0.050504 4
0.049954 4
0.327082 4
0.567676 1
0.499565 1
0.049511 1
0.051779 1
0.050370 1
0.048720 1
0.051678 1
0.050890 1
0.050475 1
0.050476 1
0.050436 1
0.050185 1
0.050270 1
0.050770 1
0.051390 1
0.050471 1
0.050191 1
0.254456 1
0.159847 1
0.152125 1
0.464385 197
0.727901 144
1.431924 144
0.175986 144
0.535955 144
0.592470 144
0.184103 144
0.448276 144
0.448047 144
0.215952 144
0.704011 144
1.031941 144
0.207147 144
0.176152 144
0.263986 144
0.752140 5
0.991943 144
1.128063 144
0.479917 144
0.616121 144
3.767805 383
0.504182 410
0.321683 149
0.000580 70
9.319964 38
0.774566 2
0.402038 38
0.000310 2
0.139840 60
0.017891 67
0.377162 62
0.012050 69
0.029831 76
0.009504 83
0.789043 4
0.000100 2
0.001178 40
0.000086 30
16.924119 1
0.199772 1
0.864092 1
0.119711 1
0.193181 2
0.415663 2
0.007720 784
0.000547 70
9.278622 48
2.425535 2
0.019203 34
40.019007 61
0.020589 34
45.273393 61
0.000383 70
2.571627 19
1.063473 2
0.472554 70
17.430445 1
0.088182 1
0.431887 1
0.128002 1
0.152066 1
0.231918 1
0.416839 2
0.034023 83
0.001209 112
42.242535 11
0.568051 2
2.368583 53
0.035674 28
0.000375 35
2.213024 1
0.128150 1
0.303742 1
0.104170 1
0.338771 2
0.459478 2
0.005435 839
21.676261 1
0.128182 1
0.298751 2
0.007390 14
1.720522 2
0.034621 78
2.355397 1
0.271184 1
0.281061 1
0.838995 1
0.263624 1
0.320420 4
0.176022 1
0.113378 1
0.270571 1
0.319911 1
0.281404 1
0.710706 2
0.007762 261
0.002980 922
0.001446 433
0.000305 222
0.000277 40
0.000155 30
4.332316 1
0.118886 1
0.215483 1
0.280028 1
0.377273 1
0.343090 4
0.151990 4
0.143726 4
0.144038 4
0.127734 4
0.095855 1
0.103986 1
0.232312 1
0.696839 4
0.287052 1
0.208144 1
0.207029 1
0.200750 1
0.151454 1
0.128356 1
2.128306 1
0.184856 2
0.428792 448
0.089041 448
0.042019 358
0.046554 350
0.028499 405
0.075777 273
0.001125 70
5.559658 1
0.079977 1
0.335162 1
0.896724 1
0.209329 2
0.567401 2
0.007690 784
0.000413 70
6.664639 1
0.230387 1
0.064148 1
0.215962 1
0.178709 8
0.002280 55
0.589035 1
0.231575 1
0.078866 1
0.207649 1
0.642831 2
0.000728 8
0.001441 34
0.003852 112
4.652676 1
0.232921 1
0.319765 1
0.599969 4
0.288025 1
0.256196 1
0.095960 1
0.355306 3
0.868689 1
0.448131 1
0.455810 1
0.120007 1
0.215888 2
2.398049 66
7.717304 112
3.364750 1
0.231988 1
0.223998 1
0.156097 5
0.843912 1
0.432041 1
1.409729 2
1.789691 75
1.352378 75
0.589768 78
0.254128 83
0.000501 43
0.000351 48
0.178853 48
0.090106 66
0.451373 68
0.156163 42
0.465368 86
0.000026 2
0.284554 56
0.000186 50
0.000339 57
38.729539 54
0.022903 66
0.133043 524
0.127460 48
2.492622 75
2.369531 204
0.147082 112
3.074394 1
0.199987 1
0.327903 1
0.180022 5
0.683987 1
0.160096 1
0.319798 1
0.384050 2
2.294742 53
0.029779 28
0.000372 35
1.644949 1
0.087980 1
0.304230 1
0.088230 1
0.704844 2
0.486634 2
0.010511 784
0.000121 28
0.000226 27
2.989152 1
0.232054 1
0.111802 1
0.144312 1
0.303900 2
0.003717 8
0.001466 34
0.003678 112
1.581277 6
