0.031393 108
7.067698 1
0.304043 1
0.568124 1
0.140131 5
0.587715 1
0.136065 1
0.167986 1
0.663992 2
2.701151 18
0.000208 25
2.666521 1
0.177460 1
0.088060 1
0.152075 2
0.376076 4
0.375772 1
0.575939 1
0.120042 1
0.207999 1
0.184079 1
0.471417 3
0.848603 1
0.231971 1
0.384038 1
0.192072 1
0.403019 2
0.022563 34
0.010119 14
1.668423 80
1.377156 2
0.010743 92
0.868057 1
0.159846 1
1.640680 2
0.020169 10
1.411738 2
0.044246 58
0.547281 1
0.105030 1
0.254733 1
0.703956 4
0.448218 1
0.241358 3
0.999243 2
0.019869 653
16.555370 1
0.120177 1
1.071996 1
0.114340 1
0.391032 57
0.510744 4
0.151938 4
0.151712 4
0.136255 1
0.135935 1
1.223992 1
0.351904 1
0.384042 1
0.096220 1
0.169539 6
0.359158 2
0.027286 700
6.811980 1
0.167615 1
1.880446 1
0.217431 1
0.391654 57
0.966669 1
0.121106 5
0.686886 1
0.159935 1
0.192102 1
0.196379 7
1.067408 4
0.152054 4
0.160514 4
0.983766 1
1.912768 2
0.044735 102
2.995042 1
0.407201 1
1.248023 1
0.297983 1
0.452849 111
0.985390 1
0.297200 5
2.502457 1
0.200124 1
0.359932 1
2.591702 1
0.328655 1
0.159824 1
0.087997 1
0.376122 1
0.423865 1
0.159963 1
0.168120 1
0.211817 7
0.676191 4
0.143891 4
0.184138 4
0.983829 1
0.249048 2
0.038121 97
11.763870 45
0.598387 2
0.066494 37
0.005085 50
4.190968 1
0.191877 1
0.328167 1
0.154378 2
0.501522 4
0.328347 4
0.135805 1
0.442076 1
0.469662 144
0.392135 1
0.097694 1
0.454248 1
0.520145 4
0.144007 1
0.073544 1
2.742671 1
0.097176 3
0.950830 1
0.191634 1
0.168210 1
0.143836 2
1.360309 1
0.166294 1
0.801643 1
0.157115 1
0.290029 66
0.214011 66
0.650891 1
0.261401 5
2.866531 1
1.431943 1
0.189528 6
0.268298 2
0.486142 4
0.391691 4
2.433229 2
0.031151 626
0.447831 50
2.175931 1
0.376090 1
0.208166 1
0.089807 3
0.549425 1
0.144680 1
0.168022 1
0.191889 1
0.156525 2
0.291414 1
0.222054 1
0.832985 285
0.473228 1
0.157523 1
0.304998 63
1.609405 1
0.215441 5
2.160505 1
0.182982 7
1.545025 1
0.831694 1
0.144353 1
0.239859 2
1.088097 4
0.281025 2
0.128993 50
17.401927 61
1.324227 1
0.499408 1
0.050394 1
0.050731 1
0.050520 1
0.050292 1
0.050446 1
0.050203 1
0.050690 1
0.049534 1
0.049836 1
0.050909 1
0.050801 1
0.050658 1
0.049659 1
0.050723 1
0.050672 1
0.050074 1
0.050030 1
0.049416 1
0.050506 1
0.050712 1
0.049856 1
0.050260 1
0.049806 1
0.049495 1
0.051401 1
0.051050 1
0.050447 1
0.050673 1
0.050503 1
0.049534 1
0.050553 1
0.050470 1
0.051031 1
0.050768 1
0.050694 1
0.051140 1
0.051001 1
0.050249 1
0.050756 1
0.048832 1
0.050622 1
0.050062 1
0.050255 1
0.050185 1
0.050271 1
0.049400 1
0.051808 1
0.050603 1
0.050649 1
0.050004 1
0.050497 1
0.050274 1
0.050584 1
0.050174 1
0.050623 1
0.296809 1
0.168003 1
0.144496 1
0.512352 5
0.230108 1
1.354435 2
0.010769 98
0.005306 92
0.006006 165
0.003514 38
0.285942 58
0.102619 118
0.010700 206
0.023899 546
0.007260 33
0.273713 38
0.013247 97
0.123485 43
41.395744 28
0.006139 171
2.135107 117
0.001034 20
54.775599 74
2.365170 2
0.035019 50
2.034542 1
0.135764 1
0.235763 1
0.868457 1
0.137570 1
0.334649 4
0.161755 1
0.536422 256
0.997536 1
0.312207 1
0.105386 1
0.215812 55
0.998846 1
0.129008 2
0.855039 1
1.335988 1
0.183993 1
0.366181 47
0.433920 1
0.141891 2
1.642736 2
0.846313 18
0.012696 22
2.186388 1
0.209803 1
0.231937 1
0.189807 2
0.650240 1
0.465992 2
0.829984 1
0.191960 1
0.097197 1
0.680266 228
3.238719 1
0.112663 6
1.887148 1
0.880158 1
0.183645 1
0.400221 1
1.016079 1
0.199691 1
0.304774 3
1.919641 1
0.151868 1
0.371185 3
1.580776 1
1.216128 1
0.832139 4
0.311619 1
0.659272 1
0.693033 1
0.119460 1
0.246652 3
0.209527 1
0.283253 72
0.203334 1
0.489632 4
0.047907 1
0.325349 4
0.441181 1
0.577941 4
2.152739 2
1.390732 40
1.607874 60
0.048644 67
3.009071 38
14.827753 116
1.107417 2
0.575374 105
0.580443 94
0.121422 95
0.008536 92
0.009048 105
0.043832 98
0.280038 94
0.021486 95
0.005612 92
0.007403 105
0.009022 98
0.099791 32
0.007914 39
0.048101 32
0.812321 31
2.145180 36
1.228399 30
0.247131 44
0.002637 52
0.002382 33
0.209855 42
1.553577 24
8.872693 31
0.270840 44
0.002322 34
0.002073 53
0.118479 32
0.009935 34
0.020816 40
0.048456 36
0.073679 38
0.090115 49
1.253484 42
0.044835 39
0.033620 35
2.473699 36
0.005017 32
0.363199 34
0.123341 36
0.087556 32
0.530825 60
0.861464 65
0.555505 43
2.091224 47
0.151884 27
0.834305 32
0.007065 25
2.017991 30
0.003083 56
0.034349 46
0.002612 47
0.005664 29
6.870548 34
4.586480 92
0.053213 22
0.419533 17
1.947589 1
0.568468 4
0.223874 1
0.112006 1
0.247864 1
0.432257 4
0.152043 1
0.262636 2
0.489336 1
1.288040 1
0.199886 1
0.267544 3
0.390544 1
1.102215 1
0.155241 1
0.396460 4
0.295972 1
0.605881 4
0.834306 1
0.387334 1
0.732617 1
0.871708 4
0.384224 1
0.127858 1
0.160367 3
0.824000 1
0.543744 4
0.160232 1
0.587788 4
0.140005 1
0.251905 32
0.308344 4
0.143934 4
0.500036 4
0.050925 4
0.050319 4
0.049914 4
0.050356 4
0.049404 4
0.050653 4
0.051372 4
0.050019 4
0.050577 4
0.050924 4
0.050328 4
0.050673 4
0.049604 4
0.050583 4
0.050963 4
0.050525 4
0.051413 4
0.049630 4
0.050330 4
0.049993 4
0.051017 4
0.049954 4
0.049962 4
0.050304 4
0.051212 4
0.050401 4
0.050180 4
0.162212 4
0.160075 4
0.136095 4
0.375905 4
1.664817 2
0.264733 63
0.004699 1856
14.234534 625
2.999518 16
0.239786 16
0.199971 16
1.191801 16
0.175979 16
2.912229 16
0.400062 16
0.184023 16
0.096274 16
0.904187 2869
3.647681 1
0.500206 1
0.050592 1
0.050400 1
0.050132 1
0.050986 1
0.051004 1
0.050023 1
0.050256 1
0.049700 1
0.050485 1
0.049553 1
0.050859 1
0.050131 1
0.050546 1
0.049350 1
0.050019 1
0.050870 1
0.050717 1
0.049925 1
0.049725 1
0.049937 1
0.198237 1
0.499662 1
0.048555 1
0.051877 1
0.050273 58
0.050314 1
0.049879 1
0.050984 1
0.050731 1
0.050039 1
6.266092 1
0.499392 1
0.049992 1
0.050156 2
0.050910 1
0.050101 231
0.049415 1
0.051690 1
0.050710 1
0.049884 1
0.050427 1
0.049302 1
0.050040 3
4.403965 1
0.499345 1
0.049919 1
0.051790 1
0.051121 1
0.049808 1
0.577783 1
1.480789 58
1.047088 1
0.216133 1
12.008159 2
0.499909 1
0.050479 231
0.049378 1
0.049818 1
0.050758 1
0.050233 1
0.050348 1
1.286937 1
0.499528 1
0.050770 1
0.050795 1
0.049726 1
0.050952 58
1.114494 1
0.175865 1
0.792823 43
0.495658 5
0.168347 231
0.159796 5
2.272152 7
0.159890 9
0.167940 12
0.159964 13
0.160118 14
0.159750 20
0.160042 19
0.152128 20
0.167895 21
0.167920 22
0.168094 23
0.159901 24
0.167776 25
2.704399 28
1.215988 27
0.127495 28
0.160081 29
0.168141 30
0.160107 30
0.151824 32
0.152274 33
0.151947 36
0.160049 35
0.168023 36
0.175987 37
1.051033 29
6.732119 1
0.501007 54
0.049066 1
0.049842 1
0.050476 1
0.050784 1
0.049978 1
0.050351 1
1.671044 333
0.832227 323
0.913828 176
27.157078 1
0.104388 1
0.263606 1
0.127996 1
0.151934 1
0.128108 1
0.145311 2
0.036802 77
12.114176 1
0.296009 1
0.136085 1
0.169267 1
0.686900 4
0.639805 4
0.696177 1
0.081791 1
0.286155 1
0.353063 3
0.383374 2
0.039853 697
40.991789 1
0.215807 1
0.095414 1
0.137002 1
0.314209 58
1.189493 1
0.104117 1
0.367173 1
0.440394 1
0.152208 1
0.136251 2
0.318446 4
0.370340 2
0.097456 83
0.001199 108
53.354937 11
0.679996 2
3.148201 53
0.384471 18
0.004332 25
1.592622 1
0.063635 1
0.443069 2
0.097069 10
1.700741 2
0.132739 58
1.250418 1
0.391900 1
0.248302 1
0.247722 1
0.139987 2
0.365222 2
0.029495 708
25.004225 34
0.909483 1
0.499354 1
0.050342 1
0.050453 1
0.050491 1
0.049908 1
0.050183 1
0.049746 1
0.050380 1
0.050735 1
0.050349 1
0.050093 1
0.050670 1
0.049574 1
0.050510 1
0.049833 1
0.050564 1
0.050120 1
0.050457 1
0.049479 1
0.050548 1
0.049649 1
0.050472 1
0.049613 1
0.049587 1
0.050291 1
0.050520 1
0.050246 1
0.050203 1
0.049809 1
0.050343 1
0.050028 1
0.050296 1
0.051232 1
0.589621 3
0.984430 5
0.363583 2
0.025888 79
1.961811 1
0.248298 2
0.313087 50
0.003817 50
8.990545 53
1.029608 2
0.659139 89
1.339277 1
0.520575 2
0.000838 53
0.013752 38
0.006468 50
12.869823 33
0.517483 2
0.037695 628
0.024995 50
7.852076 35
0.670215 2
0.018134 50
9.136524 56
0.709115 2
0.050859 98
0.008290 257
0.004549 38
0.194599 58
0.778256 324
0.251327 542
0.013715 33
1.219432 38
0.012491 97
0.121792 43
16.897787 28
0.001333 171
0.136754 137
3.136232 74
0.629735 2
0.290703 50
3.570731 1
0.120294 1
0.920072 1
0.199935 1
0.192049 1
0.112113 1
2.756860 19
0.170619 4
1.922603 59
2.385992 4
0.179789 1
0.106119 1
0.360821 1
0.444988 4
0.151959 4
0.151706 4
0.152544 4
0.959906 1
0.920073 1
0.167972 1
0.118874 2
1.234028 2
0.157531 18
0.000196 22
7.132191 39
0.996893 1
0.500782 1
0.050492 1
0.050664 1
0.050453 1
0.050060 1
0.050436 1
0.050002 1
0.051135 1
0.061360 1
0.039398 1
0.050632 1
0.050395 1
0.050263 1
0.050253 1
0.050063 1
0.051490 1
0.050131 1
0.050090 1
0.050011 1
0.050078 1
0.050396 1
0.050862 1
0.049544 1
0.050361 1
0.050166 1
0.049315 1
0.050224 1
0.050509 1
0.050341 1
0.049314 1
0.050670 1
0.052029 1
0.049922 1
0.050490 1
0.190049 1
0.144250 1
0.159474 1
0.408263 5
0.231692 1
0.296611 2
0.239680 40
0.085766 60
0.015721 67
1.173677 38
8.579292 116
0.562350 2
0.108975 105
0.429373 94
0.044754 95
0.008144 92
0.007782 105
0.032633 98
0.114859 94
0.021391 95
0.005336 92
0.006376 105
0.008839 98
0.087792 32
0.008170 39
0.011211 32
0.222084 31
1.229716 36
0.493274 30
0.061352 44
0.002429 52
0.002260 33
0.096028 42
1.269531 24
6.974003 31
0.084166 44
0.002196 34
0.002076 53
0.049632 32
0.009935 34
0.010146 40
0.013000 36
0.014405 38
0.016257 49
0.261679 42
0.021581 39
0.021597 35
0.351878 36
0.005404 32
0.060283 34
0.029089 36
0.062591 32
0.094373 60
0.241560 65
0.017882 43
0.820340 47
0.015888 27
0.125679 32
0.002963 25
0.149342 30
0.003515 56
0.012077 46
0.002683 47
0.005644 29
6.337791 34
4.409663 92
0.062869 39
6.101306 26
1.573657 2
0.255169 52
0.028797 91
1.715502 1
0.072398 1
0.880188 1
0.367708 4
0.639808 1
0.216014 1
0.232021 1
0.138214 4
1.021539 1
0.912269 4
0.095882 1
0.734248 1
0.321761 1
0.200145 1
0.184028 1
0.183796 1
0.456102 1
0.479745 1
0.352409 1
0.191864 1
0.209598 5
0.950745 1
0.218493 1
0.028950 1
0.392031 1
0.272193 1
0.296234 1
0.168881 5
0.886874 1
0.472958 2
0.077284 68
0.000408 17
2.265278 1
0.248164 1
1.119878 1
0.489025 2
0.013032 235
4.433997 1
0.176058 1
0.287987 1
0.239661 1
0.257829 1
0.318455 4
0.319995 1
0.121559 5
1.462540 1
0.615880 1
0.840093 1
0.735842 1
0.367725 1
0.088348 1
0.256066 1
0.248097 1
2.039802 1
0.600137 4
0.312115 1
0.287818 1
0.304058 1
0.856172 1
0.343845 1
1.743978 1
1.231916 1
1.279992 1
0.096006 1
0.320029 1
1.454425 1
0.319714 1
1.481765 1
0.136245 1
1.767787 1
0.167910 1
0.312232 1
1.135879 1
0.352045 1
0.176304 1
2.656782 2
0.039402 55
6.568234 36
0.010874 39
14.420462 1
0.175351 1
1.262517 1
0.164727 2
0.501193 4
0.296166 4
0.135530 1
0.568166 4
0.760192 1
0.425563 1
0.559853 141
0.990386 1
0.113597 1
0.270442 1
0.478255 1
0.745820 4
0.115433 1
0.119562 3
1.301073 1
0.496373 4
0.079726 1
0.143682 1
0.192291 1
0.136023 1
0.503825 1
0.336093 1
0.644319 1
2.219707 1
0.311746 1
0.423669 1
0.381516 77
0.563022 1
0.237551 1
2.002958 1
0.190937 3
2.014250 7
0.644791 2
0.011303 29
0.032061 597
0.012197 71
0.000924 6
2.706375 47
1.682544 1
0.456220 1
0.239441 1
0.307479 3
0.629031 1
0.359956 1
0.303961 1
0.392154 1
0.108934 2
0.610984 1
0.220940 1
0.490924 295
0.600242 1
0.468617 1
0.619374 1
0.228480 1
0.568656 53
0.184037 53
1.962999 1
0.164862 3
2.018820 1
0.171834 6
1.196076 1
0.896520 1
0.199701 1
0.214745 2
1.145321 4
0.272989 2
0.899031 39
10.327566 48
0.629805 2
11.670754 2
0.300848 24
0.004016 17
3.454681 48
5.126677 4
0.501454 4
0.050990 4
0.050185 4
0.050598 4
0.050367 4
0.050763 4
0.050619 4
0.050633 4
0.049704 4
0.050730 4
0.050500 4
0.050749 4
0.050168 4
0.051008 4
0.049596 4
0.050277 4
0.049844 4
0.050947 4
0.049682 4
0.050613 4
0.050015 4
0.052035 4
0.049759 4
0.050378 4
0.844158 4
0.199768 4
0.424152 4
0.223797 4
0.433379 2
0.031281 51
4.135389 1
0.440924 2
0.996166 72
9.427937 43
16.312916 26
0.542648 2
0.013662 31
0.559368 14
0.002260 248
0.000483 354
0.000695 352
0.000849 298
0.000421 158
0.000399 157
0.002023 589
0.001402 1108
0.000581 410
0.001409 270
0.005994 46
0.013885 232
0.000765 46
0.002776 88
0.000625 139
0.000337 133
0.000304 141
0.000211 137
0.000618 46
1.245876 46
0.955145 94
0.003834 46
2.694227 46
0.014883 94
0.000542 46
0.001277 93
0.000426 135
0.000803 140
0.000702 383
0.000293 171
0.000483 154
1.938842 28
0.000509 208
0.000507 128
0.000368 132
0.001800 271
0.000387 46
0.001719 84
0.000482 131
0.000357 46
0.001347 83
0.000613 296
0.000307 130
0.000321 159
0.000379 141
0.001242 143
0.000742 46
0.012684 106
0.000803 357
0.000188 46
0.001793 97
0.000500 143
0.000975 138
0.000791 46
0.001734 104
0.001086 46
0.002738 142
0.000782 967
0.000261 1219
0.010807 154
2.582589 26
0.359357 2
0.010809 31
0.640835 148
10.500224 42
1.041954 2
0.020105 39
9.659087 1
0.583859 4
0.295710 1
0.344261 4
0.784101 1
0.208037 1
0.490316 1
0.469728 1
0.161269 1
0.286723 4
0.104154 1
0.097173 4
0.542790 1
0.072073 1
1.727595 1
0.336253 1
0.184086 2
0.911728 4
0.265716 2
6.103324 39
1.689657 29
1.270240 2
0.519031 39
9.671968 82
0.512993 2
0.389110 39
54.794380 1
0.207703 1
0.071993 1
0.175960 1
0.280984 8
0.054727 50
0.688234 1
0.087459 1
0.296427 1
0.128213 1
0.557196 4
0.050894 1
0.097728 3
0.485710 2
2.125365 83
0.001158 108
19.024613 11
7.486779 2
9.967164 53
0.047563 18
0.000235 25
2.411980 1
0.119326 1
0.222461 2
0.031682 10
1.138669 2
0.090329 58
0.462869 1
0.102469 1
0.215333 1
0.234214 1
0.461923 4
0.185188 1
0.202148 3
0.365727 2
0.025923 1188
47.143893 30
0.949618 1
0.500486 1
0.051176 1
0.050715 1
0.050304 1
0.050122 1
0.050024 1
0.050319 1
0.050211 1
0.050472 1
0.050603 1
0.050038 1
0.051152 1
0.050842 1
0.051284 1
0.050543 1
0.050376 1
0.051032 1
0.050195 1
0.050101 1
0.050498 1
0.050333 1
0.050028 1
0.050256 1
0.050445 1
0.050285 1
0.050623 1
0.050835 1
0.049622 1
0.050327 1
0.654373 3
0.344373 5
0.432682 2
0.017174 75
2.053777 1
3.471601 2
0.061638 49
0.002787 50
2.383910 1
0.193085 1
0.206774 1
0.464248 1
0.331685 1
0.606754 58
0.206685 58
0.199204 2
0.423926 4
0.121154 4
1.182392 1
0.176338 1
0.200780 1
0.415147 4
0.216008 4
0.503672 4
0.392388 1
0.369637 1
0.399887 4
0.382360 1
0.111815 1
0.182227 1
0.144516 1
1.142911 1
0.459777 1
0.222740 1
0.291192 1
0.775743 1
0.178058 1
0.356317 1
0.918951 1
0.543762 4
2.536068 4
0.064311 1
0.711856 4
0.167550 1
0.472184 1
0.324636 1
0.294552 1
0.200643 1
0.323556 1
0.153821 1
0.095097 4
0.499944 4
0.050100 4
0.050753 4
0.050058 4
0.050094 4
0.050775 4
0.050220 4
0.050448 4
0.049793 4
0.050546 4
0.049911 4
0.051383 4
0.049565 4
0.050391 1
0.050369 1
0.049447 1
0.050937 1
0.050007 1
0.050779 1
0.050164 1
0.511517 1
0.136324 1
0.752194 1
0.175917 1
0.489653 1
0.262535 1
0.321397 1
0.303972 58
1.510206 1
0.113769 4
0.926328 1
0.698281 1
0.278075 1
0.176047 1
0.179725 1
0.249966 1
0.199551 1
0.226958 1
0.271834 1
0.631893 1
1.265754 1
0.133746 1
0.336519 1
0.583840 1
0.128051 1
0.323029 1
0.208982 1
0.539717 1
0.496243 1
0.489106 2
0.066416 77
0.014261 20
5.454138 1
0.288220 1
0.959817 1
0.200074 1
0.208080 1
0.241791 4
0.727636 1
0.326745 1
0.199860 1
0.191517 5
2.464217 1
0.233272 2
0.093196 110
18.654834 46
0.515111 1
0.500186 1
0.049424 1
0.050370 1
0.050729 1
0.051822 1
0.048770 1
0.050639 1
0.050809 1
0.049966 1
0.050427 1
0.050322 1
0.051286 1
0.050130 1
0.050217 1
0.050455 1
0.051091 1
0.050186 1
0.051050 1
0.051161 1
0.049739 1
0.052047 1
0.048538 1
0.050267 1
0.051303 1
0.049979 1
0.050231 1
0.049817 1
0.050101 1
0.051862 1
0.049013 1
0.050065 1
0.050041 1
0.052452 1
0.049054 1
0.050581 1
0.050739 1
0.052017 1
0.048156 1
0.050826 1
0.050874 1
0.269170 1
0.167564 1
0.176272 1
0.160025 1
0.264254 5
0.356187 2
0.061427 41
0.001827 50
8.143547 36
0.429710 2
0.033055 630
0.024819 50
6.279787 39
0.464270 2
0.055060 50
6.257139 20
0.462228 2
0.015287 50
5.304788 14
0.431771 2
0.004594 50
6.899813 1
0.206421 1
0.207854 1
0.171744 4
0.484302 1
0.161822 1
1.022313 1
0.361820 1
0.175923 2
0.840888 2
0.011925 50
0.852279 40
0.542008 2
0.041819 50
7.475203 82
0.380533 2
0.310604 50
8.602886 23
0.637117 2
0.006925 50
1.417561 1
0.128223 1
0.118443 1
0.249383 1
0.503712 4
0.120382 1
0.183747 1
0.416182 4
0.430452 1
0.227469 4
0.498068 1
0.355454 2
0.005514 228
6.900899 61
0.469432 2
0.027492 55
0.075642 39
0.019632 50
10.767929 24
0.383098 2
0.005792 50
13.984613 1
0.222959 2
0.312035 4
0.257565 1
0.406208 1
0.129271 4
0.462871 1
0.112013 1
0.847992 1
0.299091 4
0.535589 2
0.031196 50
1.504827 43
1.054202 2
0.072365 51
0.049855 43
15.005187 50
2.255709 1
0.241762 1
0.151830 1
0.342476 1
0.248273 4
0.415740 1
0.145127 3
0.159293 1
0.327412 1
0.840107 1
0.205425 4
0.578526 4
0.586062 2
0.046602 50
1.375324 1
0.192141 1
0.160144 1
0.295799 2
0.504140 4
0.143777 4
0.087890 1
0.263047 1
0.648952 1
0.163530 4
0.421622 2
0.006075 228
15.840850 1
0.103816 1
0.095861 1
0.800532 4
0.375972 1
0.264423 1
0.121205 2
0.326927 2
0.012781 1233
24.339873 1
0.222511 1
0.136062 1
0.639991 4
0.495694 1
0.114127 1
0.552092 43
2.823822 1
0.648164 1
0.901902 1
0.200134 1
1.001574 10
0.002632 34
0.003441 108
0.983222 6
